n_dmb   m_dmb   sigma_dmb
    0     1e3    1.78e-22
    0       1    1.93e-25
    0    1e-3    4.28e-26
    0    1e-6    7.81e-27
    2     1e3    7.72e-16
    2       1    5.76e-18
    2    1e-3    
    2    1e-6    1.19e-24
    4     1e3    1.16e-08
    4       1    5.96e-12
    4    1e-3    2.05e-17
    4    1e-6    5.94e-23
    6     1e3    3.58e-02
    6       1    1.45e-05
    6    1e-3    1.63e-13
    6    1e-6    8.50e-22
   -2     1e3    1.28e-30
   -2       1    3.54e-33
   -2    1e-3    
   -2    1e-6    
   -4     1e3    5.43e-32
   -4       1    3.43e-35
   -4    1e-3    5.09e-38
   -4    1e-6    1.73e-38